# H-H RDF for MACE
# r g(r)
0.0166666667 0.0000000000
0.0500000000 0.0000000000
0.0833333333 0.0000000000
0.1166666667 0.0000000000
0.1500000000 0.0000000000
0.1833333333 0.0000000000
0.2166666667 0.0000000000
0.2500000000 0.0000000000
0.2833333333 0.0000000000
0.3166666667 0.0000000000
0.3500000000 0.0000000000
0.3833333333 0.0000000000
0.4166666667 0.0000000000
0.4500000000 0.0000000000
0.4833333333 0.0000000000
0.5166666667 0.0000000000
0.5500000000 0.0000000000
0.5833333333 0.0000000000
0.6166666667 0.0000000000
0.6500000000 0.0000000000
0.6833333333 0.0000000000
0.7166666667 0.0000000000
0.7500000000 0.0000000000
0.7833333333 0.0000000000
0.8166666667 0.0000000000
0.8500000000 0.0000000000
0.8833333333 0.0000000000
0.9166666667 0.0000000000
0.9500000000 0.0000000000
0.9833333333 0.0000000000
1.0166666667 0.0000000000
1.0500000000 0.0000000000
1.0833333333 0.0000000000
1.1166666667 0.0000000000
1.1500000000 0.0000000000
1.1833333333 0.0000000000
1.2166666667 0.0000000000
1.2500000000 0.0000000000
1.2833333333 0.0000000000
1.3166666667 0.0005649140
1.3500000000 0.0046443500
1.3833333333 0.0350203097
1.4166666667 0.1755332949
1.4500000000 0.6124641122
1.4833333333 1.5292498922
1.5166666667 2.7038768046
1.5500000000 3.3837926997
1.5833333333 3.0752578910
1.6166666667 2.0210243025
1.6500000000 0.9765080352
1.6833333333 0.3522393194
1.7166666667 0.0996757360
1.7500000000 0.0307685860
1.7833333333 0.0229862307
1.8166666667 0.0354195420
1.8500000000 0.0603787969
1.8833333333 0.0957333418
1.9166666667 0.1426096371
1.9500000000 0.2066546260
1.9833333333 0.2866234582
2.0166666667 0.3829091220
2.0500000000 0.5015296314
2.0833333333 0.6331022535
2.1166666667 0.7666961466
2.1500000000 0.9023738694
2.1833333333 1.0439122167
2.2166666667 1.1686487744
2.2500000000 1.2689114510
2.2833333333 1.3509356359
2.3166666667 1.4299113831
2.3500000000 1.4424957900
2.3833333333 1.4543512791
2.4166666667 1.4442382676
2.4500000000 1.4016176510
2.4833333333 1.3427925929
2.5166666667 1.2822750811
2.5500000000 1.2123392069
2.5833333333 1.1338118027
2.6166666667 1.0611962797
2.6500000000 0.9910357029
2.6833333333 0.9383913988
2.7166666667 0.8827084815
2.7500000000 0.8327725848
2.7833333333 0.7990572889
2.8166666667 0.7685910587
2.8500000000 0.7431127333
2.8833333333 0.7260725161
2.9166666667 0.7181074645
2.9500000000 0.7129837894
2.9833333333 0.7118306553
3.0166666667 0.7186256983
3.0500000000 0.7268127443
3.0833333333 0.7375923052
3.1166666667 0.7525649450
3.1500000000 0.7667913450
3.1833333333 0.7876741861
3.2166666667 0.8046172210
3.2500000000 0.8279751311
3.2833333333 0.8461482010
3.3166666667 0.8751539985
3.3500000000 0.9004062198
3.3833333333 0.9207153794
3.4166666667 0.9572334614
3.4500000000 0.9755126280
3.4833333333 1.0091615235
3.5166666667 1.0411561002
3.5500000000 1.0664477711
3.5833333333 1.0959072892
3.6166666667 1.1173337316
3.6500000000 1.1434693130
3.6833333333 1.1635093412
3.7166666667 1.1859769646
3.7500000000 1.1955411625
3.7833333333 1.1996738301
3.8166666667 1.2018379555
3.8500000000 1.2012367750
3.8833333333 1.1950747007
3.9166666667 1.1871005718
3.9500000000 1.1713240601
3.9833333333 1.1587906043
4.0166666667 1.1501307409
4.0500000000 1.1337076011
4.0833333333 1.1204175819
4.1166666667 1.1084230814
4.1500000000 1.0954533178
4.1833333333 1.0871077466
4.2166666667 1.0749300148
4.2500000000 1.0731773646
4.2833333333 1.0667084791
4.3166666667 1.0618161249
4.3500000000 1.0565264238
4.3833333333 1.0515363564
4.4166666667 1.0464038659
4.4500000000 1.0487888440
4.4833333333 1.0461636814
4.5166666667 1.0429048045
4.5500000000 1.0364557804
4.5833333333 1.0392812444
4.6166666667 1.0311122060
4.6500000000 1.0256353878
4.6833333333 1.0242377585
4.7166666667 1.0163181661
4.7500000000 1.0156443057
4.7833333333 1.0065067967
4.8166666667 1.0022581321
4.8500000000 0.9984084815
4.8833333333 0.9892721782
4.9166666667 0.9846058466
4.9500000000 0.9825817445
4.9833333333 0.9754810714
5.0166666667 0.9738548815
5.0500000000 0.9663381527
5.0833333333 0.9625646268
5.1166666667 0.9586467629
5.1500000000 0.9524625327
5.1833333333 0.9552495922
5.2166666667 0.9493661917
5.2500000000 0.9476334497
5.2833333333 0.9476756721
5.3166666667 0.9461203078
5.3500000000 0.9493473439
5.3833333333 0.9447820540
5.4166666667 0.9480178356
5.4500000000 0.9489842980
5.4833333333 0.9482727883
5.5166666667 0.9507870161
5.5500000000 0.9536472775
5.5833333333 0.9589456355
5.6166666667 0.9577735704
5.6500000000 0.9634785355
5.6833333333 0.9663981741
5.7166666667 0.9670073760
5.7500000000 0.9715407946
5.7833333333 0.9728813458
5.8166666667 0.9770221720
5.8500000000 0.9798425854
5.8833333333 0.9821525328
5.9166666667 0.9864046850
5.9500000000 0.9908953747
5.9833333333 0.9890638392
6.0166666667 0.9951892499
6.0500000000 0.9958621428
6.0833333333 0.9977838210
6.1166666667 0.9995522190
6.1500000000 0.9995554188
6.1833333333 0.9996047473
6.2166666667 1.0028338922
6.2500000000 1.0052999106
6.2833333333 1.0031512599
6.3166666667 1.0047649210
6.3500000000 1.0036437431
6.3833333333 1.0034954849
6.4166666667 1.0069559105
6.4500000000 1.0021913781
6.4833333333 1.0049606917
6.5166666667 1.0075007922
6.5500000000 1.0091839295
6.5833333333 1.0072803739
6.6166666667 1.0098395752
6.6500000000 1.0061464648
6.6833333333 1.0083811115
6.7166666667 1.0072469223
6.7500000000 1.0077886552
6.7833333333 1.0085478239
6.8166666667 1.0076782512
6.8500000000 1.0090394875
6.8833333333 1.0094058278
6.9166666667 1.0097548098
6.9500000000 1.0092236941
6.9833333333 1.0082349370
7.0166666667 1.0095468225
7.0500000000 1.0069463868
7.0833333333 1.0106062496
7.1166666667 1.0083660475
7.1500000000 1.0086729419
7.1833333333 1.0083233554
7.2166666667 1.0100971110
7.2500000000 1.0108746938
7.2833333333 1.0119030324
7.3166666667 1.0104727739
7.3500000000 1.0100653293
7.3833333333 1.0105249015
7.4166666667 1.0093342576
7.4500000000 1.0100503401
7.4833333333 1.0089022733
7.5166666667 1.0100526412
7.5500000000 1.0100339689
7.5833333333 1.0085277548
7.6166666667 1.0072997738
7.6500000000 1.0071067865
7.6833333333 1.0101202784
7.7166666667 1.0079643353
7.7500000000 1.0099602918
7.7833333333 1.0088377050
7.8166666667 1.0108747211
7.8500000000 1.0096065212
7.8833333333 1.0072778372
7.9166666667 1.0079751750
7.9500000000 1.0066806656
7.9833333333 1.0055910163
8.0166666667 1.0065136656
8.0500000000 1.0059464808
8.0833333333 1.0050599721
8.1166666667 1.0043844911
8.1500000000 1.0043520395
8.1833333333 1.0049532688
8.2166666667 1.0024197277
8.2500000000 1.0040353597
8.2833333333 1.0041508961
8.3166666667 1.0011404258
8.3500000000 1.0006824138
8.3833333333 1.0006668561
8.4166666667 0.9989699984
8.4500000000 0.9986971948
8.4833333333 0.9974899146
8.5166666667 0.9966026791
8.5500000000 0.9974865422
8.5833333333 0.9956755051
8.6166666667 0.9963283595
8.6500000000 0.9966003355
8.6833333333 0.9939087779
8.7166666667 0.9956790064
8.7500000000 0.9943471249
8.7833333333 0.9934701159
8.8166666667 0.9941906344
8.8500000000 0.9921782804
8.8833333333 0.9916972828
8.9166666667 0.9928807036
8.9500000000 0.9949237940
8.9833333333 0.9939783906
9.0166666667 0.9917393647
9.0500000000 0.9922814129
9.0833333333 0.9917247091
9.1166666667 0.9926612921
9.1500000000 0.9939865801
9.1833333333 0.9927845737
9.2166666667 0.9937925196
9.2500000000 0.9939703687
9.2833333333 0.9952962641
9.3166666667 0.9939721378
9.3500000000 0.9965057879
9.3833333333 0.9942382020
9.4166666667 0.9973463109
9.4500000000 0.9959395137
9.4833333333 0.9979901136
9.5166666667 0.9967271707
9.5500000000 0.9981989390
9.5833333333 0.9998592351
9.6166666667 0.9989967083
9.6500000000 0.9988621819
9.6833333333 1.0000226407
9.7166666667 0.9994832037
9.7500000000 1.0013010354
9.7833333333 1.0021207658
9.8166666667 1.0005201268
9.8500000000 1.0026689889
9.8833333333 1.0023103690
9.9166666667 1.0026630624
9.9500000000 1.0034683309
9.9833333333 1.0029518113